[[ 5.5684974309461616e-06  3.3972034334590177e-06  2.4742797967244149e-05]
 [ 7.8106483958102841e-06  7.9553329943503565e-06  2.4041012210684709e-05]
 [ 1.0131588019105806e-05  1.2349507535643439e-05  2.2583548562785285e-05]
 [ 1.2464721991230495e-05  1.6457158019882771e-05  2.0400197678552849e-05]
 [ 1.4743646583574506e-05  2.0171401757446102e-05  1.7553424946243998e-05]
 [ 1.6908140916564436e-05  2.3411510054784558e-05  1.4128845938597486e-05]
 [ 1.8907887255436145e-05  2.6126165479340883e-05  1.0220914399172915e-05]
 [ 2.0702314261698878e-05  2.8288143048477260e-05  5.9194296908296573e-06]
 [ 2.2256727200188353e-05  2.9882917948082532e-05  1.3025872598373798e-06]
 [ 2.3536796862386135e-05  3.0896689981868221e-05 -3.5604300527981617e-06]
 [ 2.4504550088016158e-05  3.1309841859730115e-05 -8.5987755129431117e-06]
 [ 2.5118608710237647e-05  3.1099477489048966e-05 -1.3726716396819951e-05]
 [ 2.5339633266185010e-05  3.0250426502482176e-05 -1.8835070482507958e-05]
 [ 2.5139523760947869e-05  2.8769955383898728e-05 -2.3792816987729271e-05]
 [ 2.4511030365475216e-05  2.6699391425189736e-05 -2.8460060661201707e-05]
 [ 2.3473929809881193e-05  2.4116915507916870e-05 -3.2708551534404660e-05]
 [ 2.2075058824724105e-05  2.1129375428244415e-05 -3.6442642221169956e-05]
 [ 2.0381731233546712e-05  1.7855379744087166e-05 -3.9613324782624570e-05]
 [ 1.8470399890536935e-05  1.4405150892203394e-05 -4.2220726910268665e-05]
 [ 1.6413903229536744e-05  1.0863386215463279e-05 -4.4304704600629735e-05]
 [ 1.4270789920052265e-05  7.2797195706877031e-06 -4.5926992985676703e-05]
 [ 1.2079206043856643e-05  3.6684103042285862e-06 -4.7150341290447435e-05]
 [ 9.8562576024433084e-06  1.6078801055818969e-08 -4.8019861709451152e-05]
 [ 7.6022904954614356e-06 -3.7053311428060980e-06 -4.8550191663893179e-05]
 [ 5.3085671440222267e-06 -7.5235064357557166e-06 -4.8720114935956424e-05]
 [ 2.9664178002544325e-06 -1.1451327132607745e-05 -4.8474787006541354e-05]
 [ 5.7593923106372099e-07 -1.5475174708446847e-05 -4.7734771092106989e-05]
 [-1.8474622713080961e-06 -1.9547756777212163e-05 -4.6410348926216951e-05]
 [-4.2699659170155411e-06 -2.3586821135984980e-05 -4.4418697585446975e-05]
 [-6.6402742161194471e-06 -2.7480283338373801e-05 -4.1700640302633997e-05]
 [-8.8942656995543686e-06 -3.1096847437929172e-05 -3.8233344484166959e-05]
 [-1.0962040242251999e-05 -3.4299562197272932e-05 -3.4036135669118169e-05]
 [-1.2775340558438369e-05 -3.6958724686605532e-05 -2.9168606085090687e-05]
 [-1.4273290447738848e-05 -3.8960825223828568e-05 -2.3722773966308314e-05]
 [-1.5405111392839122e-05 -4.0211930430457694e-05 -1.7813067766184601e-05]
 [-1.6129723353471852e-05 -4.0636367500635590e-05 -1.1568364405507785e-05]
 [-1.6413393291737668e-05 -4.0173675961268631e-05 -5.1289085058577352e-06]
 [-1.6227333559249089e-05 -3.8777529658843482e-05  1.3517051017330239e-06]
 [-1.5547081127408148e-05 -3.6419354393342748e-05  7.7019772081757742e-06]
 [-1.4354688644546000e-05 -3.3097148356894767e-05  1.3729391717871642e-05]
 [-1.2643610268471896e-05 -2.8847563513478728e-05  1.9222554182016574e-05]
 [-1.0425134556239121e-05 -2.3757637338020565e-05  2.3960701260554773e-05]
 [-7.7346309997146433e-06 -1.7972219454469486e-05  2.7730343006228906e-05]
 [-4.6358201226873847e-06 -1.1694037859680072e-05  3.0346682216609058e-05]
 [-1.2216361508457956e-06 -5.1749819752015929e-06  3.1676155511388658e-05]
 [ 2.3891500497098982e-06  1.3010453473030546e-06  3.1656068506655918e-05]
 [ 6.0596665911478625e-06  7.4418242662832302e-06  3.0307651529617542e-05]
 [ 9.6463785756616712e-06  1.2974020706804584e-05  2.7739708177120119e-05]
 [ 1.3012784908471103e-05  1.7670071549750999e-05  2.4141272459202706e-05]
 [ 1.6043255959981954e-05  2.1370592422123236e-05  1.9763338778808707e-05]
 [ 1.8654546930830718e-05  2.3998446740656664e-05  1.4891703187100918e-05]
 [ 2.0802719714733176e-05  2.5561741514353231e-05  9.8149233640033842e-06]
 [ 2.2484035001811356e-05  2.6144963932757835e-05  4.7927997431896334e-06]
 [ 2.3729691176977302e-05  2.5889893686241698e-05  3.1012795675303091e-08]
 [ 2.4595721030923916e-05  2.4970167265841948e-05 -4.3336775955060317e-06]
 [ 2.5150451893104823e-05  2.3564704469352278e-05 -8.2357473558782433e-06]
 [ 2.5462323434521852e-05  2.1835138486733410e-05 -1.1671840706279417e-05]
 [ 2.5590422310168576e-05  1.9910892131691686e-05 -1.4684022371753813e-05]
 [ 2.5579015297452260e-05  1.7883104518223711e-05 -1.7340370371885647e-05]
 [ 2.5456050237388815e-05  1.5806079161633836e-05 -1.9717568061492412e-05]
 [ 2.5234520658870689e-05  1.3703182745156905e-05 -2.1888335683174316e-05]
 [ 2.4915115254630792e-05  1.1573762448225731e-05 -2.3914042472505952e-05]
 [ 2.4488810724563092e-05  9.3987188677572545e-06 -2.5840698022421863e-05]
 [ 2.3938843182861839e-05  7.1443365715519260e-06 -2.7695630537127927e-05]
 [ 2.3242417225364492e-05  4.7659002581918465e-06 -2.9482893181731044e-05]
 [ 2.2373124973388867e-05  2.2135464496504979e-06 -3.1177451885955192e-05]
 [ 2.1305017349439546e-05 -5.5784662879107724e-07 -3.2720520716497148e-05]
 [ 2.0018546909608947e-05 -3.5750014422384296e-06 -3.4019796053666894e-05]
 [ 1.8507471634443293e-05 -6.8317099367028178e-06 -3.4957871818451813e-05]
 [ 1.6784799393133744e-05 -1.0278214609906688e-05 -3.5409660050658911e-05]
 [ 1.4885510319727027e-05 -1.3819330442197813e-05 -3.5266028479819493e-05]
 [ 1.2864423131228315e-05 -1.7323950437143332e-05 -3.4457629036565206e-05]
 [ 1.0789052775057031e-05 -2.0644803497745953e-05 -3.2971600302335699e-05]
 [ 8.7291040176075247e-06 -2.3643441727207062e-05 -3.0855344176977908e-05]
 [ 6.7456135629469838e-06 -2.6213107823829009e-05 -2.8205571086834847e-05]
 [ 4.8830688959971418e-06 -2.8292492538165228e-05 -2.5145809319423274e-05]
 [ 3.1668907850287530e-06 -2.9866440151597083e-05 -2.1799579827423839e-05]
 [ 1.6067970250718048e-06 -3.0954232772338224e-05 -1.8267798336912833e-05]
 [ 2.0449925927964483e-07 -3.1590348779764470e-05 -1.4617130164661480e-05]
 [-1.0372600253526863e-06 -3.1804856071129914e-05 -1.0881780494244309e-05]
 [-2.1075979350550188e-06 -3.1610055787648458e-05 -7.0763184161658569e-06]
 [-2.9846268814209743e-06 -3.0997025563969976e-05 -3.2135516971887075e-06]
 [-3.6374207479245120e-06 -2.9941683944696895e-05  6.7951875610029789e-07]
 [-4.0316082476348017e-06 -2.8416602777726157e-05  4.5528931287809709e-06]
 [-4.1362432271499084e-06 -2.6403320127450008e-05  8.3336534455597329e-06]
 [-3.9294845927752776e-06 -2.3900729032724046e-05  1.1933029956052398e-05]
 [-3.4014784633796303e-06 -2.0927622201238792e-05  1.5256267012448709e-05]
 [-2.5542298142551068e-06 -1.7520392253914695e-05  1.8210962106466165e-05]
 [-1.3995491101989866e-06 -1.3728884506220631e-05  2.0711366295029483e-05]
 [ 4.3194575732514706e-08 -9.6136412431088128e-06  2.2678877168228398e-05]
 [ 1.7480410485507462e-06 -5.2462715000602931e-06  2.4041244409721966e-05]
 [ 3.6816593188917765e-06 -7.1225573391920882e-07  2.4733719919892386e-05]]
