[[ 2.6125958348915567e-07  1.9348403094795866e-07  1.1110278282970093e-06]
 [ 3.4498622362607580e-07  3.6166415613441932e-07  1.0781430663634183e-06]
 [ 4.2934821463158990e-07  5.2452133624557700e-07  1.0236232269607446e-06]
 [ 5.1314033305650037e-07  6.7979106151873527e-07  9.4808916930559061e-07]
 [ 5.9515826564413864e-07  8.2530558832236656e-07  8.5246616318842318e-07]
 [ 6.7421736937934238e-07  9.5902784001109256e-07  7.3797125117419378e-07]
 [ 7.4917116573597112e-07  1.0790831022257049e-06  6.0609542289808460e-07]
 [ 8.1892917397339539e-07  1.1837878341092869e-06  4.5858100740998578e-07]
 [ 8.8247371400297665e-07  1.2716750119098440e-06  2.9739481151172238e-07]
 [ 9.3887534512979896e-07  1.3415155299412993e-06  1.2469762822019270e-07]
 [ 9.8730664963915935e-07  1.3923352988803227e-06 -5.7189189569479118e-08]
 [ 1.0270541172484119e-06  1.4234277980325761e-06 -2.4581934658024205e-07]
 [ 1.0575279366109566e-06  1.4343619543504089e-06 -4.3865864041411804e-07]
 [ 1.0782695533515427e-06  1.4249853368116990e-06 -6.3312262777840024e-07]
 [ 1.0889569114109782e-06  1.3954227716077960e-06 -8.2661413784601766e-07]
 [ 1.0894073567312813e-06  1.3460706021810815e-06 -1.0165598712721487e-06]
 [ 1.0795782495612002e-06  1.2775869369062337e-06 -1.2004453704893193e-06]
 [ 1.0595654021890527e-06  1.1908783409883976e-06 -1.3758477247590893e-06]
 [ 1.0295995287799107e-06  1.0870835290608381e-06 -1.5404654863462419e-06]
 [ 9.9004095718682886e-07  9.6755468931758793e-07 -1.6921454222125099e-06]
 [ 9.4137290177263620e-07  8.3383710636265651e-07 -1.8289059029357366e-06]
 [ 8.8419362400981870e-07  6.8764773776430042e-07 -1.9489569246759923e-06]
 [ 8.1920780796236217e-07  5.3085333268763763e-07 -2.0507169526920049e-06]
 [ 7.4721744761889870e-07  3.6544856085035533e-07 -2.1328269444023538e-06]
 [ 6.6911248327309861e-07  1.9353445513280357e-07 -2.1941620342887533e-06]
 [ 5.8586133985222316e-07  1.7297277645435703e-08 -2.2338414235029281e-06]
 [ 4.9850142029976246e-07 -1.6101228125886004e-07 -2.2512370021309271e-06]
 [ 4.0812950365644899e-07 -3.3909984405456806e-07 -2.2459811391697963e-06]
 [ 3.1589190337936930e-07 -5.1464844109557049e-07 -2.2179739120303390e-06]
 [ 2.2297416904426123e-07 -6.8534045317818876e-07 -2.1673898309244314e-06]
 [ 1.3059007379988916e-07 -8.4888090102709764e-07 -2.0946838682259176e-06]
 [ 3.9969626870061219e-08 -1.0030225095973850e-06 -2.0005963571404793e-06]
 [-4.7654113462123042e-08 -1.1455928317025596e-06 -1.8861561061689031e-06]
 [-1.3105957868798993e-07 -1.2745235138968727e-06 -1.7526809106105866e-06]
 [-2.0905263163106535e-07 -1.3878815473286166e-06 -1.6017745478169221e-06]
 [-2.8048384079792345e-07 -1.4839020899773678e-06 -1.4353193288257733e-06]
 [-3.4426688818620980e-07 -1.5610221967397512e-06 -1.2554633465683832e-06]
 [-3.9939778383157570e-07 -1.6179145699790721e-06 -1.0646017037462105e-06]
 [-4.4497444415278359e-07 -1.6535202607221271e-06 -8.6535121005241530e-07]
 [-4.8021609310604599e-07 -1.6670791199560051e-06 -6.6051829412020916e-07]
 [-5.0448187007103068e-07 -1.6581567261549185e-06 -4.5306016534143038e-07]
 [-5.1728797920102423e-07 -1.6266665015985939e-06 -2.4603957052341737e-07]
 [-5.1832269345295852e-07 -1.5728857767290331e-06 -4.2573807961065164e-08]
 [-5.0745853400163239e-07 -1.4974646686704361e-06  1.5422102407019391e-07]
 [-4.8476098363759645e-07 -1.4014268071244052e-06  3.4128926692419918e-07]
 [-4.5049316263161112e-07 -1.2861611679999587e-06  5.1569687729421604e-07]
 [-4.0511599882616905e-07 -1.1534045609369013e-06  6.7469275272706412e-07]
 [-3.4928356085124451e-07 -1.0052146569966727e-06  8.1576824347649223e-07]
 [-2.8383339288759173e-07 -8.4393382818035140e-07  9.3671278590209387e-07]
 [-2.0977188694265065e-07 -6.7214448595778505e-07  1.0356635857528476e-06]
 [-1.2825494620716573e-07 -4.9261702994963521e-07  1.1111473830119729e-06]
 [-4.0564419034527217e-08 -3.0825192272724958e-07  1.1621125531896153e-06]
 [ 5.1918997497933101e-08 -1.2201776094743343e-07  1.1879501436342985e-06]
 [ 1.4774548962364641e-07  6.3112515475346742e-08  1.1885028969629058e-06]
 [ 2.4542744473142051e-07  2.4422497486393887e-07  1.1640618543999909e-06]
 [ 3.4347120680443251e-07  4.1852527901396948e-07  1.1153507257750765e-06]
 [ 4.4040809118013682e-07  5.8339429506666970e-07  1.0434988176000391e-06]
 [ 5.3482352491024018e-07  7.3643679066063678e-07  9.5000387887302913e-07]
 [ 6.2538329759741218e-07  8.7552166118820282e-07  8.3668670929311431e-07]
 [ 7.1085609246715287e-07  9.9881263003317144e-07  7.0563973547195120e-07]
 [ 7.9013170417702828e-07  1.1047889155371367e-06  5.5917196724457773e-07]
 [ 8.6223461881008673e-07  1.1922559266826319e-06  3.9975278248448241e-07]
 [ 9.2633290987843180e-07  1.2603465862343359e-06  2.2995685547786878e-07]
 [ 9.8174266865335340e-07  1.3085143422796456e-06  5.2412257739472587e-08]
 [ 1.0279284164552932e-06  1.3365192821569847e-06 -1.3024664791665160e-07]
 [ 1.0645001236993312e-06  1.3444089839914756e-06 -3.1542038807540831e-07]
 [ 1.0912075744452807e-06  1.3324958215690193e-06 -5.0057902547553008e-07]
 [ 1.1079328615969974e-06  1.3013323829242975e-06 -6.8329017454805173e-07]
 [ 1.1146817789816806e-06  1.2516864887249788e-06 -8.6124074676233400e-07]
 [ 1.1115748002706043e-06  1.1845170293583547e-06 -1.0322531592992221e-06]
 [ 1.0988382132918865e-06  1.1009515111152523e-06 -1.1942970054972251e-06]
 [ 1.0767958264980214e-06  1.0022658453597969e-06 -1.3454973326555251e-06]
 [ 1.0458614978199800e-06  8.8986656197394779e-07 -1.4841407027596291e-06]
 [ 1.0065325699348052e-06  7.6527530769563047e-07 -1.6086801343665074e-06]
 [ 9.5938414353443994e-07  6.3011522382581156e-07 -1.7177398562163767e-06]
 [ 9.0506399262480015e-07  4.8609860255483655e-07 -1.8101205671005938e-06]
 [ 8.4428783159246145e-07  3.3501510678249060e-07 -1.8848056171909497e-06]
 [ 7.7783458817444907e-07  1.7871980824833449e-07 -1.9409682299852996e-06]
 [ 7.0654132184786473e-07  1.9120350140702364e-08 -1.9779795978077297e-06]
 [ 6.3129745255007947e-07 -1.4183733602063216e-07 -1.9954174324436620e-06]
 [ 5.5303802575631277e-07 -3.0218514853145315e-07 -1.9930743577387784e-06]
 [ 4.7273582930298569e-07 -4.5995093986406091e-07 -1.9709654093776374e-06]
 [ 3.9139228474677600e-07 -6.1317858673130182e-07 -1.9293338679599031e-06]
 [ 3.1002714943037846e-07 -7.5994972507208121e-07 -1.8686546955968527e-06]
 [ 2.2966717215936557e-07 -8.9840668385122983e-07 -1.7896349648823635e-06]
 [ 1.5133393386114970e-07 -1.0267760201528902e-06 -1.6932108448050418e-06]
 [ 7.6031165800604706e-08 -1.1433919922009235e-06 -1.5805409167731835e-06]
 [ 4.7318668410628300e-09 -1.2467193091767933e-06 -1.4529958078106718e-06]
 [-6.1634462421429506e-08 -1.3353745599725642e-06 -1.3121443202338458e-06]
 [-1.2219418261170161e-07 -1.4081458319017181e-06 -1.1597363856971414e-06]
 [-1.7614124115821698e-07 -1.4640101638212116e-06 -9.9768326264667688e-07]
 [-2.2274808672935185e-07 -1.5021486130795703e-06 -8.2803542641732967e-07]
 [-2.6137565743297259e-07 -1.5219588312418294e-06 -6.5295857719255390e-07]
 [-2.9148237481330536e-07 -1.5230651242409677e-06 -4.7470812799881726e-07]
 [-3.1263210478132031e-07 -1.5053260108809468e-06 -2.9560245315189003e-07]
 [-3.2450105522380648e-07 -1.4688392903860561e-06 -1.1799509855029759e-07]
 [-3.2688356974237282e-07 -1.4139445934208386e-06  5.5753902423948380e-08]
 [-3.1969675274138359e-07 -1.3412233354533066e-06  2.2330748702288164e-07]
 [-3.0298383002235664e-07 -1.2514959325880207e-06  3.8238165856005887e-07]
 [-2.7691611894571368e-07 -1.1458160934728933e-06  5.3077602836983834e-07]
 [-2.4179346020555547e-07 -1.0254619789092137e-06  6.6640452988713403e-07]
 [-1.9804295475276076e-07 -8.9192403111604999e-07  7.8732592949641361e-07]
 [-1.4621585758853472e-07 -7.4688931994514954e-07  8.9177365452645132e-07]
 [-8.6982505924179235e-08 -5.9222233184198826e-07  9.7818436474374685e-07]
 [-2.1125201429786529e-08 -4.2994223350796312e-07  1.0452246215767496e-06]
 [ 5.0470977721333283e-08 -2.6219676806665417e-07  1.0918149679423498e-06]
 [ 1.2682939333686114e-07 -9.1233077683226458e-08  1.1171507266795166e-06]
 [ 2.0689497902296717e-07  8.0634116940838938e-08  1.1207188598264001e-06]]
